568 1155
724 754
75 396
1025 770
1042 225
1012 89
914 1035
896 825
1284 257
394 650
1636 1199
360 1083
1786 1122
1543 1101
260 613
1695 226
819 380
246 842
1368 1122
471 1027
1456 1019
502 367
1339 1181
1285 788
1735 831
542 744
1833 1015
191 1053
1396 352
150 406
976 798
348 187
135 51
1417 767
1305 797
709 294
1249 645
1570 536
229 395
1099 649
71 697
580 406
908 638
1052 794
1457 685
1370 225
897 65
322 999
1069 499
675 597
1020 1056
1875 118
727 315
1664 365
1273 146
19 293
1544 10
1674 31
657 906
352 780
957 713
801 668
352 1161
1243 289
681 226
1104 625
896 403
34 516
951 430
1459 236
1002 939
1245 159
893 723
1594 598
152 683
1749 348
1854 105
1635 435
1337 31
1560 1012
266 121
927 872
1118 1112
1570 995
1166 29
323 368
1371 505
1023 320
751 567
528 906
1386 690
1546 361
124 599
1477 1230
299 1202
313 109
748 451
87 1151
1217 145
1667 1003
640 1021
494 586
506 357
976 830
310 862
1443 824
209 914
1650 1214
377 899
1074 881
896 445
306 712
1684 847
985 108
1310 298
525 849
1467 331
1762 686
836 979
1479 458
418 152
298 1221
1840 819
1125 1133
51 491
634 806
956 86
1736 231
876 572
1703 418
295 138
1541 1041
1550 190
116 1042
309 924
519 277
1149 631
1384 247
1167 1220
70 1042
282 323
1644 490
1493 323
108 639
1761 774
438 927
1011 221
1182 694
1434 571
409 827
1292 934
551 467
1513 1200
1643 231
1563 436
1899 997
84 331
569 712
231 812
458 448
176 479
74 506
186 893
1254 1155
884 366
877 1026
571 1068
42 59
1225 484
564 1252
252 1003
1515 31
242 610
1872 1075
1041 870
1498 970
